0 (594)
1 (1535)
10 (1351)
100 (1749)
101 (329)
102 (109)
103 (327)
104 (1158)
105 (1100)
108 (940)
11 (525)
110 (1801)
111 (1171)
112 (2680)
113 (394)
114 (816)
115 (1775)
116 (2193)
117 (731)
118 (916)
12 (3415)
120 (4973)
121 (17)
122 (1081)
123 (28)
124 (294)
125 (1287)
126 (1075)
127 (492)
128 (525)
129 (1547)
13 (35)
130 (1711)
131 (327)
132 (2641)
135 (82)
136 (707)
137 (48)
138 (257)
139 (671)
14 (197)
140 (2687)
141 (460)
142 (454)
143 (1417)
144 (505)
145 (4559)
146 (113)
147 (1383)
15 (458)
150 (410)
151 (2611)
152 (67)
153 (99)
154 (1447)
155 (697)
156 (572)
157 (1140)
158 (884)
159 (542)
16 (150)
160 (987)
161 (2320)
162 (1450)
163 (1256)
164 (744)
165 (286)
166 (346)
167 (625)
168 (1538)
169 (35)
17 (1683)
170 (1203)
171 (1097)
172 (663)
173 (1080)
174 (579)
175 (2791)
176 (582)
177 (4629)
178 (654)
179 (237)
18 (813)
180 (424)
181 (1235)
182 (284)
183 (3883)
185 (1529)
186 (348)
187 (759)
188 (650)
189 (39)
19 (121)
190 (531)
191 (111)
192 (2004)
193 (925)
194 (517)
196 (2096)
197 (1230)
198 (1461)
199 (109)
2 (673)
20 (40)
201 (1029)
202 (56)
203 (861)
204 (2174)
205 (3605)
206 (272)
207 (1214)
208 (1483)
209 (418)
21 (2666)
210 (2009)
212 (778)
213 (522)
214 (1893)
215 (781)
216 (525)
217 (5375)
218 (317)
22 (397)
220 (717)
222 (126)
224 (919)
225 (371)
226 (658)
227 (1818)
228 (118)
229 (2281)
23 (128)
230 (288)
231 (442)
234 (1416)
236 (2618)
237 (98)
239 (2742)
24 (191)
240 (1399)
241 (784)
242 (2325)
244 (96)
245 (6)
246 (183)
247 (181)
248 (79)
249 (615)
25 (1395)
252 (781)
254 (94)
255 (185)
256 (785)
257 (132)
258 (1036)
259 (1522)
26 (527)
261 (362)
262 (660)
263 (654)
264 (297)
265 (1359)
266 (1022)
267 (223)
268 (885)
269 (145)
27 (2165)
270 (416)
272 (659)
273 (98)
274 (2628)
275 (1692)
276 (2479)
277 (982)
278 (657)
279 (3014)
28 (1454)
280 (2108)
281 (437)
282 (16)
283 (4082)
285 (2600)
286 (199)
287 (54)
289 (346)
29 (171)
290 (1793)
292 (71)
293 (61)
294 (1445)
295 (712)
296 (2210)
297 (28)
298 (778)
299 (522)
3 (531)
300 (582)
301 (309)
303 (257)
304 (805)
305 (210)
306 (247)
307 (702)
308 (1402)
309 (1262)
31 (1666)
310 (1390)
311 (437)
313 (224)
314 (846)
315 (533)
316 (578)
317 (266)
318 (812)
319 (1371)
32 (4248)
320 (540)
321 (676)
322 (1154)
324 (173)
325 (1022)
326 (1488)
327 (662)
328 (663)
329 (964)
33 (1460)
330 (102)
331 (270)
332 (1861)
333 (483)
334 (2146)
335 (1345)
336 (1071)
338 (234)
339 (695)
34 (56)
342 (424)
343 (1599)
345 (801)
346 (3470)
347 (885)
348 (1226)
349 (2041)
35 (1984)
350 (3069)
351 (1641)
352 (902)
354 (5835)
355 (958)
356 (96)
357 (1142)
358 (365)
36 (528)
360 (15)
361 (1104)
362 (4388)
363 (47)
364 (567)
366 (1031)
367 (158)
368 (7828)
369 (592)
37 (1249)
370 (386)
371 (405)
372 (172)
373 (2007)
374 (490)
375 (417)
376 (362)
377 (1149)
378 (1149)
379 (390)
38 (2402)
381 (2959)
382 (55)
383 (668)
384 (406)
385 (1676)
387 (2089)
388 (938)
39 (4258)
390 (2685)
391 (114)
392 (2420)
394 (1145)
395 (990)
396 (442)
397 (479)
398 (403)
399 (82)
4 (1394)
40 (457)
400 (478)
401 (3667)
402 (302)
403 (1722)
405 (1525)
406 (785)
407 (634)
408 (607)
409 (651)
41 (1353)
411 (2047)
412 (517)
413 (2637)
414 (1160)
415 (877)
417 (971)
418 (55)
419 (5057)
42 (119)
421 (656)
422 (1255)
423 (1412)
424 (1448)
426 (111)
427 (1856)
428 (1021)
429 (1037)
43 (1721)
430 (580)
431 (27)
432 (985)
435 (357)
436 (589)
437 (314)
438 (4511)
439 (225)
44 (903)
440 (1943)
441 (96)
442 (326)
443 (405)
444 (260)
447 (863)
448 (1370)
449 (1890)
45 (1728)
450 (2082)
451 (76)
452 (205)
453 (433)
454 (22)
455 (453)
456 (804)
458 (1124)
459 (465)
46 (543)
460 (4438)
461 (1498)
462 (155)
464 (848)
465 (35)
466 (212)
467 (742)
468 (1089)
469 (1502)
47 (175)
470 (4137)
471 (2894)
472 (2125)
473 (33)
474 (815)
475 (663)
476 (133)
477 (2462)
478 (522)
479 (34)
48 (2472)
480 (2309)
481 (888)
482 (299)
483 (439)
484 (971)
485 (452)
486 (1547)
487 (3135)
489 (3420)
49 (137)
490 (1066)
491 (77)
492 (665)
493 (583)
494 (5102)
495 (64)
496 (1428)
498 (325)
499 (743)
5 (1094)
500 (1444)
501 (118)
502 (13)
503 (80)
504 (1296)
505 (791)
507 (950)
508 (95)
509 (3044)
51 (1612)
510 (3281)
511 (1015)
512 (611)
513 (1287)
514 (442)
515 (1166)
516 (1544)
517 (1201)
518 (759)
52 (1983)
520 (472)
521 (1582)
522 (2725)
523 (2244)
524 (427)
525 (609)
526 (2793)
527 (1185)
528 (576)
529 (7057)
53 (535)
530 (1263)
531 (447)
532 (54)
533 (772)
534 (1531)
535 (294)
536 (372)
537 (331)
538 (3982)
539 (376)
54 (2595)
540 (1293)
541 (3735)
544 (773)
545 (119)
546 (1050)
548 (2843)
55 (1959)
550 (1203)
551 (67)
552 (61)
553 (383)
554 (1114)
556 (240)
557 (587)
558 (957)
56 (114)
560 (382)
561 (2783)
562 (462)
563 (1065)
564 (11)
565 (640)
567 (1102)
568 (956)
569 (2835)
57 (2743)
571 (2902)
572 (1589)
573 (1229)
574 (1297)
575 (240)
576 (1337)
577 (1695)
578 (1290)
579 (2164)
58 (1330)
580 (1667)
581 (2943)
582 (61)
583 (1389)
585 (856)
588 (389)
589 (214)
59 (312)
590 (814)
591 (1241)
592 (239)
593 (2601)
594 (1516)
595 (797)
596 (269)
597 (2883)
598 (3219)
6 (2149)
600 (1192)
601 (299)
602 (463)
603 (458)
604 (448)
605 (1652)
606 (2668)
608 (999)
609 (184)
610 (464)
611 (1444)
612 (396)
613 (373)
614 (3134)
616 (568)
617 (2614)
618 (1337)
619 (6)
62 (110)
620 (2100)
622 (826)
623 (1845)
624 (915)
626 (874)
627 (292)
628 (1102)
629 (893)
630 (1523)
631 (2793)
632 (1070)
633 (780)
634 (2492)
635 (136)
637 (45)
638 (2288)
639 (1572)
64 (319)
640 (932)
641 (1494)
642 (830)
643 (63)
644 (197)
645 (581)
647 (551)
648 (653)
649 (1292)
650 (281)
651 (1288)
652 (354)
653 (2634)
655 (467)
656 (154)
657 (506)
658 (1881)
659 (835)
66 (888)
660 (610)
661 (2693)
662 (114)
663 (2354)
665 (1297)
666 (363)
67 (316)
670 (243)
671 (433)
672 (743)
673 (1635)
674 (2527)
675 (2976)
676 (2717)
677 (407)
678 (1329)
679 (248)
68 (1601)
680 (236)
681 (344)
682 (4132)
683 (85)
684 (5408)
685 (392)
686 (1495)
687 (1762)
688 (1132)
689 (817)
69 (2370)
690 (778)
691 (421)
692 (4993)
693 (387)
694 (2847)
695 (394)
696 (313)
697 (370)
698 (236)
699 (353)
7 (997)
70 (2411)
701 (1283)
702 (137)
703 (546)
704 (1794)
705 (888)
706 (1923)
707 (1354)
708 (1090)
709 (672)
71 (3507)
710 (1044)
711 (714)
712 (845)
713 (716)
714 (347)
715 (381)
716 (1199)
718 (1238)
719 (663)
72 (2852)
720 (3864)
721 (442)
722 (5845)
723 (829)
724 (86)
725 (17)
726 (32)
729 (102)
73 (2179)
730 (602)
731 (560)
732 (799)
733 (1141)
734 (217)
735 (1689)
736 (1470)
738 (2129)
739 (55)
74 (58)
740 (1632)
741 (98)
742 (953)
743 (194)
744 (2177)
745 (909)
746 (1982)
749 (1330)
75 (3151)
750 (446)
751 (397)
752 (2578)
753 (578)
755 (392)
757 (245)
758 (2860)
759 (788)
760 (698)
762 (792)
763 (1862)
764 (425)
765 (1705)
766 (6265)
767 (47)
768 (12)
769 (1622)
771 (505)
773 (192)
774 (2046)
775 (3771)
776 (78)
777 (464)
778 (2514)
779 (280)
78 (2471)
780 (2306)
781 (419)
782 (2767)
783 (468)
784 (1257)
785 (947)
787 (90)
788 (2386)
789 (4309)
790 (1094)
792 (1306)
793 (3063)
794 (624)
795 (3361)
797 (2684)
798 (3103)
799 (274)
8 (3090)
80 (826)
800 (1916)
801 (835)
802 (188)
803 (2237)
804 (1315)
805 (1789)
806 (308)
807 (305)
809 (2163)
81 (270)
810 (1267)
811 (358)
812 (1518)
813 (422)
814 (1672)
815 (1358)
817 (360)
818 (323)
819 (1257)
82 (674)
820 (1473)
821 (179)
822 (356)
823 (1031)
824 (565)
825 (3085)
826 (2022)
827 (130)
828 (542)
829 (6810)
83 (181)
830 (841)
831 (852)
832 (2062)
833 (629)
834 (1373)
835 (732)
837 (619)
838 (953)
839 (854)
840 (446)
841 (1927)
842 (752)
843 (1222)
844 (2814)
845 (585)
846 (1480)
847 (179)
849 (459)
85 (1555)
850 (12)
851 (577)
852 (538)
853 (1804)
854 (2847)
855 (939)
856 (109)
857 (1588)
858 (866)
859 (1242)
86 (229)
860 (1255)
862 (3649)
864 (295)
865 (396)
866 (266)
867 (1530)
868 (510)
869 (92)
870 (22)
871 (2810)
872 (122)
874 (2237)
876 (496)
877 (22)
878 (2047)
879 (865)
88 (303)
880 (81)
881 (283)
882 (347)
883 (4902)
884 (1645)
885 (3043)
886 (3053)
887 (1671)
888 (3686)
889 (318)
89 (211)
890 (1437)
891 (151)
892 (220)
893 (1947)
894 (407)
895 (3385)
896 (495)
897 (1935)
898 (318)
899 (1252)
90 (1875)
900 (1165)
901 (324)
902 (222)
903 (711)
904 (400)
905 (640)
906 (1444)
909 (525)
91 (116)
910 (1695)
911 (586)
912 (1009)
913 (1939)
914 (4037)
915 (241)
916 (306)
917 (72)
918 (3012)
919 (3710)
920 (480)
921 (2425)
922 (990)
923 (1753)
925 (652)
926 (672)
927 (156)
928 (1034)
93 (2777)
930 (318)
931 (170)
932 (1786)
933 (523)
934 (510)
935 (1742)
936 (337)
937 (4681)
938 (766)
939 (342)
94 (1201)
940 (536)
941 (1126)
942 (436)
943 (821)
944 (2794)
945 (536)
946 (1350)
947 (3690)
948 (1149)
949 (1414)
95 (841)
950 (1463)
951 (64)
952 (1574)
953 (525)
954 (366)
956 (3626)
958 (426)
959 (32)
96 (975)
960 (2732)
961 (474)
963 (1327)
964 (1518)
965 (75)
966 (3921)
967 (1695)
969 (849)
97 (1466)
970 (2086)
972 (426)
973 (512)
975 (1764)
977 (270)
978 (1141)
979 (132)
98 (486)
980 (899)
981 (1542)
982 (1640)
983 (453)
984 (1756)
985 (132)
986 (54)
988 (1164)
989 (1289)
990 (77)
991 (1268)
992 (1116)
994 (33)
995 (1521)
997 (272)
998 (2713)
999 (193)
